0.0000          0.015579
3.3862E-6       0.015638
3.4036E-6       0.015639
3.4212E-6       0.015639
6.8072E-6       0.015819
1.0159E-5       0.016116
1.0211E-5       0.016122
1.0264E-5       0.016128
1.3613E-5       0.016550
1.6934E-5       0.017093
1.7014E-5       0.017108
1.7095E-5       0.017122
2.0416E-5       0.017795
2.3713E-5       0.018595
2.3814E-5       0.018621
2.3915E-5       0.018648
2.7211E-5       0.019604
3.0495E-5       0.020702
3.0609E-5       0.020743
3.0723E-5       0.020784
3.4004E-5       0.022054
3.7316E-5       0.023511
3.7400E-5       0.023550
3.7483E-5       0.023589
4.0795E-5       0.025233
4.4180E-5       0.027123
4.4195E-5       0.027132
4.4210E-5       0.027141
4.7595E-5       0.029291
5.0906E-5       0.031644
5.0994E-5       0.031710
5.1087E-5       0.031780
5.4417E-5       0.034448
5.7553E-5       0.037251
5.7839E-5       0.037520
5.8143E-5       0.037809
6.1261E-5       0.040927
6.4202E-5       0.044172
6.4713E-5       0.044776
6.5264E-5       0.045441
6.8165E-5       0.049170
7.0855E-5       0.052973
7.1616E-5       0.054106
7.2480E-5       0.055433
7.5302E-5       0.060117
7.7667E-5       0.064427
7.8984E-5       0.066981
8.0556E-5       0.070170
8.2666E-5       0.074694
8.4052E-5       0.077878
8.5337E-5       0.081040
8.6640E-5       0.084450
8.8008E-5       0.088253
8.9357E-5       0.092228
9.0872E-5       0.096949
9.2339E-5       0.10185
9.2592E-5       0.10273
9.4072E-5       0.10810
9.4758E-5       0.11072
9.4876E-5       0.11118
9.6924E-5       0.11953
9.7409E-5       0.12165
9.8028E-5       0.12444
9.8510E-5       0.12668
9.9132E-5       0.12968
9.9932E-5       0.13369
1.0023E-4       0.13524
1.0085E-4       0.13852
1.0138E-4       0.14142
1.0164E-4       0.14290
1.0251E-4       0.14799
1.0334E-4       0.15305
1.0365E-4       0.15502
1.0408E-4       0.15788
1.0454E-4       0.16101
1.0482E-4       0.16295
1.0553E-4       0.16808
1.0621E-4       0.17323
1.0656E-4       0.17600
1.0724E-4       0.18160
1.0733E-4       0.18241
1.0737E-4       0.18274
1.0811E-4       0.18928
1.0846E-4       0.19257
1.0891E-4       0.19694
1.0930E-4       0.20091
1.0956E-4       0.20357
1.1016E-4       0.21014
1.1021E-4       0.21070
1.1037E-4       0.21248
1.1088E-4       0.21849
1.1107E-4       0.22081
1.1142E-4       0.22531
1.1182E-4       0.23058
1.1197E-4       0.23264
1.1236E-4       0.23828
1.1251E-4       0.24046
1.1257E-4       0.24138
1.1294E-4       0.24712
1.1335E-4       0.25380
1.1338E-4       0.25424
1.1340E-4       0.25464
1.1382E-4       0.26195
1.1400E-4       0.26521
1.1428E-4       0.27063
1.1460E-4       0.27714
1.1474E-4       0.28014
1.1520E-4       0.29047
1.2480E-4       0.29048
1.2513E-4       0.28306
1.2525E-4       0.28040
1.2545E-4       0.27609
1.2570E-4       0.27116
1.2578E-4       0.26957
1.2598E-4       0.26566
1.2624E-4       0.26085
1.2643E-4       0.25755
1.2671E-4       0.25267
1.2702E-4       0.24768
1.2719E-4       0.24509
1.2741E-4       0.24169
1.2780E-4       0.23598
1.2813E-4       0.23125
1.2838E-4       0.22790
1.2858E-4       0.22524
1.2893E-4       0.22088
1.2930E-4       0.21636
1.2949E-4       0.21408
1.3007E-4       0.20753
1.3028E-4       0.20531
1.3085E-4       0.19937
1.3106E-4       0.19723
1.3146E-4       0.19333
1.3202E-4       0.18813
1.3227E-4       0.18590
1.3300E-4       0.17962
1.3308E-4       0.17898
1.3310E-4       0.17875
1.3384E-4       0.17286
1.3413E-4       0.17060
1.3484E-4       0.16537
1.3524E-4       0.16255
1.3587E-4       0.15823
1.3634E-4       0.15511
1.3689E-4       0.15161
1.3735E-4       0.14881
1.3829E-4       0.14329
1.3878E-4       0.14053
1.3974E-4       0.13540
1.4022E-4       0.13292
1.4118E-4       0.12818
1.4160E-4       0.12616
1.4341E-4       0.11815
1.4383E-4       0.11636
1.4570E-4       0.10891
1.4606E-4       0.10755
1.4799E-4       0.10071
1.4820E-4       0.10001
1.4845E-4       0.099184
1.5105E-4       0.090969
1.5375E-4       0.083377
1.5390E-4       0.082994
1.5404E-4       0.082626
1.5675E-4       0.076056
1.6035E-4       0.068317
1.6037E-4       0.068275
1.6039E-4       0.068228
1.6400E-4       0.061350
1.6733E-4       0.055738
1.6761E-4       0.055299
1.6790E-4       0.054849
1.7108E-4       0.050190
1.7436E-4       0.045900
1.7456E-4       0.045649
1.7476E-4       0.045408
1.7804E-4       0.041678
1.8136E-4       0.038290
1.8151E-4       0.038143
1.8166E-4       0.037997
1.8498E-4       0.034960
1.8830E-4       0.032243
1.8845E-4       0.032129
1.8860E-4       0.032017
1.9191E-4       0.029623
1.9521E-4       0.027488
1.9537E-4       0.027390
1.9554E-4       0.027292
1.9883E-4       0.025430
2.0212E-4       0.023777
2.0228E-4       0.023703
2.0243E-4       0.023630
2.0572E-4       0.022168
2.0903E-4       0.020872
2.0916E-4       0.020825
2.0929E-4       0.020779
2.1260E-4       0.019664
2.1594E-4       0.018688
2.1603E-4       0.018662
2.1613E-4       0.018637
2.1947E-4       0.017822
2.2283E-4       0.017137
2.2289E-4       0.017125
2.2295E-4       0.017114
2.2632E-4       0.016560
2.2971E-4       0.016130
2.2974E-4       0.016127
2.2977E-4       0.016124
2.3316E-4       0.015822
2.3657E-4       0.015639
2.3658E-4       0.015639
2.3659E-4       0.015639
2.4000E-4       0.015579
