0.0000          9.3285E-19
3.3957E-6       0.0013922
3.4037E-6       0.0013955
3.4117E-6       0.0013989
6.8073E-6       0.0028105
1.0187E-5       0.0042347
1.0211E-5       0.0042449
1.0235E-5       0.0042551
1.3615E-5       0.0057139
1.6979E-5       0.0072147
1.7018E-5       0.0072323
1.7057E-5       0.0072501
2.0422E-5       0.0088002
2.3739E-5       0.010396
2.3810E-5       0.010431
2.3883E-5       0.010468
2.7199E-5       0.012159
3.0464E-5       0.013915
3.0587E-5       0.013983
3.0714E-5       0.014053
3.3933E-5       0.015899
3.6960E-5       0.017748
3.7280E-5       0.017950
3.7620E-5       0.018166
4.0626E-5       0.020134
4.3428E-5       0.022089
4.3956E-5       0.022473
4.4522E-5       0.022892
4.7286E-5       0.025024
4.9864E-5       0.027146
5.0614E-5       0.027785
5.1434E-5       0.028500
5.3929E-5       0.030785
5.6248E-5       0.033051
5.7247E-5       0.034069
5.8322E-5       0.035193
6.0565E-5       0.037633
6.2581E-5       0.039957
6.3824E-5       0.041474
6.5205E-5       0.043235
6.7083E-5       0.045758
6.8773E-5       0.048155
7.0361E-5       0.050508
7.1929E-5       0.052964
7.3666E-5       0.055852
7.5637E-5       0.059342
7.7167E-5       0.062204
7.8514E-5       0.064838
8.0668E-5       0.069265
8.3174E-5       0.074892
8.3395E-5       0.075420
8.3517E-5       0.075714
8.6122E-5       0.082347
8.7751E-5       0.086852
8.8943E-5       0.090366
9.0442E-5       0.094998
9.0579E-5       0.095443
9.0832E-5       0.096265
9.2539E-5       0.10207
9.4330E-5       0.10862
9.4558E-5       0.10949
9.4653E-5       0.10985
9.6113E-5       0.11571
9.6375E-5       0.11681
9.7668E-5       0.12248
9.8097E-5       0.12444
9.9363E-5       0.13055
9.9714E-5       0.13230
1.0028E-4       0.13523
1.0115E-4       0.13990
1.0122E-4       0.14032
1.0134E-4       0.14100
1.0247E-4       0.14750
1.0280E-4       0.14953
1.0328E-4       0.15252
1.0378E-4       0.15570
1.0410E-4       0.15784
1.0475E-4       0.16231
1.0500E-4       0.16405
1.0570E-4       0.16918
1.0586E-4       0.17042
1.0662E-4       0.17640
1.0672E-4       0.17725
1.0754E-4       0.18414
1.0759E-4       0.18455
1.0817E-4       0.18976
1.0817E-4       0.18980
1.0824E-4       0.19041
1.0877E-4       0.19546
1.0881E-4       0.19586
1.0936E-4       0.20145
1.0950E-4       0.20289
1.0983E-4       0.20638
1.1001E-4       0.20841
1.1028E-4       0.21147
1.1073E-4       0.21664
1.1074E-4       0.21680
1.1076E-4       0.21701
1.1128E-4       0.22340
1.1172E-4       0.22922
1.1181E-4       0.23049
1.1193E-4       0.23212
1.1235E-4       0.23797
1.1279E-4       0.24468
1.1280E-4       0.24483
1.1281E-4       0.24505
1.1327E-4       0.25246
1.1368E-4       0.25954
1.1375E-4       0.26062
1.1384E-4       0.26232
1.1423E-4       0.26966
1.1445E-4       0.27397
1.1472E-4       0.27960
1.1520E-4       0.29045
1.2480E-4       0.29046
1.2511E-4       0.28345
1.2519E-4       0.28168
1.2541E-4       0.27685
1.2558E-4       0.27353
1.2572E-4       0.27064
1.2596E-4       0.26613
1.2618E-4       0.26201
1.2658E-4       0.25485
1.2664E-4       0.25394
1.2678E-4       0.25151
1.2704E-4       0.24737
1.2712E-4       0.24606
1.2735E-4       0.24247
1.2768E-4       0.23761
1.2786E-4       0.23503
1.2824E-4       0.22969
1.2873E-4       0.22329
1.2881E-4       0.22236
1.2934E-4       0.21587
1.2934E-4       0.21578
1.3014E-4       0.20678
1.3018E-4       0.20626
1.3094E-4       0.19840
1.3102E-4       0.19753
1.3152E-4       0.19270
1.3194E-4       0.18879
1.3230E-4       0.18553
1.3278E-4       0.18135
1.3308E-4       0.17882
1.3363E-4       0.17443
1.3396E-4       0.17180
1.3478E-4       0.16563
1.3516E-4       0.16291
1.3590E-4       0.15783
1.3637E-4       0.15475
1.3702E-4       0.15065
1.3769E-4       0.14656
1.3829E-4       0.14305
1.3915E-4       0.13826
1.3947E-4       0.13656
1.4061E-4       0.13068
1.4064E-4       0.13053
1.4081E-4       0.12968
1.4213E-4       0.12340
1.4241E-4       0.12213
1.4339E-4       0.11781
1.4439E-4       0.11362
1.4460E-4       0.11281
1.4486E-4       0.11178
1.4653E-4       0.10539
1.4740E-4       0.10224
1.4825E-4       0.099299
1.4915E-4       0.096302
1.4979E-4       0.094261
1.5195E-4       0.087722
1.5274E-4       0.085453
1.5407E-4       0.081824
1.5554E-4       0.078036
1.5642E-4       0.075876
1.5833E-4       0.071473
1.6128E-4       0.065256
1.6169E-4       0.064449
1.6207E-4       0.063693
1.6504E-4       0.058104
1.6818E-4       0.052783
1.6842E-4       0.052410
1.6862E-4       0.052094
1.7180E-4       0.047311
1.7502E-4       0.042930
1.7519E-4       0.042715
1.7536E-4       0.042503
1.7858E-4       0.038619
1.8184E-4       0.035025
1.8198E-4       0.034879
1.8212E-4       0.034734
1.8538E-4       0.031442
1.8867E-4       0.028408
1.8879E-4       0.028308
1.8890E-4       0.028209
1.9219E-4       0.025440
1.9553E-4       0.022852
1.9560E-4       0.022798
1.9567E-4       0.022746
1.9901E-4       0.020383
2.0238E-4       0.018166
2.0242E-4       0.018141
2.0246E-4       0.018116
2.0583E-4       0.016040
2.0922E-4       0.014089
2.0924E-4       0.014079
2.0926E-4       0.014069
2.1265E-4       0.012236
2.1606E-4       0.010495
2.1607E-4       0.010491
2.1608E-4       0.010486
2.1948E-4       0.0088445
2.2290E-4       0.0072698
2.2290E-4       0.0072681
2.2291E-4       0.0072664
2.2632E-4       0.0057418
2.2974E-4       0.0042661
2.2974E-4       0.0042656
2.2974E-4       0.0042651
2.3316E-4       0.0028241
2.3658E-4       0.0014024
2.3658E-4       0.0014022
2.3658E-4       0.0014020
2.4000E-4       -1.0666E-17
