0.0000          6.6467E-19
3.3862E-6       0.0013137
3.4036E-6       0.0013205
3.4212E-6       0.0013274
6.8072E-6       0.0026608
1.0159E-5       0.0039999
1.0211E-5       0.0040209
1.0264E-5       0.0040421
1.3613E-5       0.0054152
1.6934E-5       0.0068243
1.7014E-5       0.0068589
1.7095E-5       0.0068938
2.0416E-5       0.0083521
2.3713E-5       0.0098670
2.3814E-5       0.0099148
2.3915E-5       0.0099629
2.7211E-5       0.011575
3.0495E-5       0.013273
3.0609E-5       0.013334
3.0723E-5       0.013394
3.4004E-5       0.015211
3.7316E-5       0.017175
3.7400E-5       0.017227
3.7483E-5       0.017277
4.0795E-5       0.019382
4.4180E-5       0.021703
4.4195E-5       0.021714
4.4210E-5       0.021725
4.7595E-5       0.024271
5.0906E-5       0.026979
5.0994E-5       0.027054
5.1087E-5       0.027133
5.4417E-5       0.030126
5.7553E-5       0.033211
5.7839E-5       0.033505
5.8143E-5       0.033819
6.1261E-5       0.037190
6.4202E-5       0.040653
6.4713E-5       0.041294
6.5264E-5       0.041998
6.8165E-5       0.045922
7.0855E-5       0.049892
7.1616E-5       0.051070
7.2480E-5       0.052448
7.5302E-5       0.057288
7.7667E-5       0.061719
7.8984E-5       0.064337
8.0556E-5       0.067600
8.2666E-5       0.072217
8.4052E-5       0.075460
8.5337E-5       0.078674
8.6640E-5       0.082135
8.8008E-5       0.085991
8.9357E-5       0.090015
9.0872E-5       0.094789
9.2339E-5       0.099740
9.2592E-5       0.10063
9.4072E-5       0.10605
9.4758E-5       0.10869
9.4876E-5       0.10915
9.6924E-5       0.11757
9.7409E-5       0.11970
9.8028E-5       0.12250
9.8510E-5       0.12476
9.9132E-5       0.12778
9.9932E-5       0.13181
1.0023E-4       0.13337
1.0085E-4       0.13667
1.0138E-4       0.13958
1.0164E-4       0.14107
1.0251E-4       0.14619
1.0334E-4       0.15126
1.0365E-4       0.15324
1.0408E-4       0.15612
1.0454E-4       0.15926
1.0482E-4       0.16120
1.0553E-4       0.16636
1.0621E-4       0.17152
1.0656E-4       0.17431
1.0724E-4       0.17992
1.0733E-4       0.18073
1.0737E-4       0.18106
1.0811E-4       0.18763
1.0846E-4       0.19093
1.0891E-4       0.19531
1.0930E-4       0.19928
1.0956E-4       0.20196
1.1016E-4       0.20855
1.1021E-4       0.20911
1.1037E-4       0.21089
1.1088E-4       0.21691
1.1107E-4       0.21924
1.1142E-4       0.22375
1.1182E-4       0.22904
1.1197E-4       0.23110
1.1236E-4       0.23675
1.1251E-4       0.23894
1.1257E-4       0.23987
1.1294E-4       0.24561
1.1335E-4       0.25231
1.1338E-4       0.25275
1.1340E-4       0.25315
1.1382E-4       0.26048
1.1400E-4       0.26375
1.1428E-4       0.26918
1.1460E-4       0.27569
1.1474E-4       0.27870
1.1520E-4       0.28906
1.2480E-4       0.28907
1.2513E-4       0.28163
1.2525E-4       0.27896
1.2545E-4       0.27465
1.2570E-4       0.26971
1.2578E-4       0.26811
1.2598E-4       0.26419
1.2624E-4       0.25937
1.2643E-4       0.25607
1.2671E-4       0.25117
1.2702E-4       0.24617
1.2719E-4       0.24358
1.2741E-4       0.24017
1.2780E-4       0.23445
1.2813E-4       0.22971
1.2838E-4       0.22635
1.2858E-4       0.22368
1.2893E-4       0.21931
1.2930E-4       0.21478
1.2949E-4       0.21249
1.3007E-4       0.20593
1.3028E-4       0.20370
1.3085E-4       0.19775
1.3106E-4       0.19560
1.3146E-4       0.19169
1.3202E-4       0.18647
1.3227E-4       0.18424
1.3300E-4       0.17793
1.3308E-4       0.17729
1.3310E-4       0.17706
1.3384E-4       0.17115
1.3413E-4       0.16888
1.3484E-4       0.16363
1.3524E-4       0.16081
1.3587E-4       0.15647
1.3634E-4       0.15334
1.3689E-4       0.14982
1.3735E-4       0.14700
1.3829E-4       0.14147
1.3878E-4       0.13869
1.3974E-4       0.13353
1.4022E-4       0.13103
1.4118E-4       0.12627
1.4160E-4       0.12424
1.4341E-4       0.11617
1.4383E-4       0.11438
1.4570E-4       0.10686
1.4606E-4       0.10549
1.4799E-4       0.098587
1.4820E-4       0.097886
1.4845E-4       0.097047
1.5105E-4       0.088741
1.5375E-4       0.081047
1.5390E-4       0.080658
1.5404E-4       0.080285
1.5675E-4       0.073605
1.6035E-4       0.065705
1.6037E-4       0.065661
1.6039E-4       0.065614
1.6400E-4       0.058557
1.6733E-4       0.052764
1.6761E-4       0.052308
1.6790E-4       0.051842
1.7108E-4       0.046990
1.7436E-4       0.042483
1.7456E-4       0.042218
1.7476E-4       0.041962
1.7804E-4       0.037994
1.8136E-4       0.034342
1.8151E-4       0.034182
1.8166E-4       0.034023
1.8498E-4       0.030694
1.8830E-4       0.027658
1.8845E-4       0.027529
1.8860E-4       0.027402
1.9191E-4       0.024658
1.9521E-4       0.022142
1.9537E-4       0.022025
1.9554E-4       0.021907
1.9883E-4       0.019628
2.0212E-4       0.017522
2.0228E-4       0.017426
2.0243E-4       0.017330
2.0572E-4       0.015368
2.0903E-4       0.013525
2.0916E-4       0.013455
2.0929E-4       0.013387
2.1260E-4       0.011671
2.1594E-4       0.010034
2.1603E-4       0.0099879
2.1613E-4       0.0099425
2.1947E-4       0.0084053
2.2283E-4       0.0069271
2.2289E-4       0.0068999
2.2295E-4       0.0068730
2.2632E-4       0.0054450
2.2971E-4       0.0040524
2.2974E-4       0.0040406
2.2977E-4       0.0040289
2.3316E-4       0.0026737
2.3657E-4       0.0013306
2.3658E-4       0.0013268
2.3659E-4       0.0013230
2.4000E-4       -9.6384E-18
