0.0000          8.8293E-19
3.3957E-6       0.0013174
3.4037E-6       0.0013205
3.4117E-6       0.0013237
6.8073E-6       0.0026608
1.0187E-5       0.0040113
1.0211E-5       0.0040210
1.0235E-5       0.0040307
1.3615E-5       0.0054160
1.6979E-5       0.0068439
1.7018E-5       0.0068607
1.7057E-5       0.0068775
2.0422E-5       0.0083548
2.3739E-5       0.0098794
2.3810E-5       0.0099134
2.3883E-5       0.0099479
2.7199E-5       0.011569
3.0464E-5       0.013257
3.0587E-5       0.013322
3.0714E-5       0.013390
3.3933E-5       0.015170
3.6960E-5       0.016957
3.7280E-5       0.017153
3.7620E-5       0.017361
4.0626E-5       0.019270
4.3428E-5       0.021169
4.3956E-5       0.021543
4.4522E-5       0.021951
4.7286E-5       0.024031
4.9864E-5       0.026104
5.0614E-5       0.026730
5.1434E-5       0.027430
5.3929E-5       0.029670
5.6248E-5       0.031895
5.7247E-5       0.032896
5.8322E-5       0.034001
6.0565E-5       0.036404
6.2581E-5       0.038695
6.3824E-5       0.040192
6.5205E-5       0.041932
6.7083E-5       0.044427
6.8773E-5       0.046798
7.0361E-5       0.049129
7.1929E-5       0.051564
7.3666E-5       0.054429
7.5637E-5       0.057894
7.7167E-5       0.060738
7.8514E-5       0.063357
8.0668E-5       0.067760
8.3174E-5       0.073362
8.3395E-5       0.073888
8.3517E-5       0.074181
8.6122E-5       0.080791
8.7751E-5       0.085284
8.8943E-5       0.088790
9.0442E-5       0.093413
9.0579E-5       0.093856
9.0832E-5       0.094678
9.2539E-5       0.10048
9.4330E-5       0.10702
9.4558E-5       0.10788
9.4653E-5       0.10825
9.6113E-5       0.11410
9.6375E-5       0.11520
9.7668E-5       0.12087
9.8097E-5       0.12283
9.9363E-5       0.12894
9.9714E-5       0.13069
1.0028E-4       0.13362
1.0115E-4       0.13830
1.0122E-4       0.13872
1.0134E-4       0.13940
1.0247E-4       0.14590
1.0280E-4       0.14793
1.0328E-4       0.15092
1.0378E-4       0.15411
1.0410E-4       0.15625
1.0475E-4       0.16072
1.0500E-4       0.16246
1.0570E-4       0.16760
1.0586E-4       0.16883
1.0662E-4       0.17482
1.0672E-4       0.17567
1.0754E-4       0.18258
1.0759E-4       0.18299
1.0817E-4       0.18820
1.0817E-4       0.18824
1.0824E-4       0.18886
1.0877E-4       0.19391
1.0881E-4       0.19431
1.0936E-4       0.19991
1.0950E-4       0.20135
1.0983E-4       0.20485
1.1001E-4       0.20688
1.1028E-4       0.20995
1.1073E-4       0.21512
1.1074E-4       0.21528
1.1076E-4       0.21549
1.1128E-4       0.22189
1.1172E-4       0.22772
1.1181E-4       0.22900
1.1193E-4       0.23063
1.1235E-4       0.23649
1.1279E-4       0.24321
1.1280E-4       0.24336
1.1281E-4       0.24358
1.1327E-4       0.25100
1.1368E-4       0.25810
1.1375E-4       0.25918
1.1384E-4       0.26088
1.1423E-4       0.26823
1.1445E-4       0.27256
1.1472E-4       0.27819
1.1520E-4       0.28906
1.2480E-4       0.28907
1.2511E-4       0.28205
1.2519E-4       0.28027
1.2541E-4       0.27543
1.2558E-4       0.27211
1.2572E-4       0.26922
1.2596E-4       0.26470
1.2618E-4       0.26057
1.2658E-4       0.25340
1.2664E-4       0.25248
1.2678E-4       0.25005
1.2704E-4       0.24590
1.2712E-4       0.24460
1.2735E-4       0.24100
1.2768E-4       0.23613
1.2786E-4       0.23354
1.2824E-4       0.22819
1.2873E-4       0.22178
1.2881E-4       0.22085
1.2934E-4       0.21435
1.2934E-4       0.21426
1.3014E-4       0.20524
1.3018E-4       0.20472
1.3094E-4       0.19686
1.3102E-4       0.19598
1.3152E-4       0.19114
1.3194E-4       0.18723
1.3230E-4       0.18397
1.3278E-4       0.17978
1.3308E-4       0.17724
1.3363E-4       0.17285
1.3396E-4       0.17022
1.3478E-4       0.16405
1.3516E-4       0.16132
1.3590E-4       0.15623
1.3637E-4       0.15316
1.3702E-4       0.14905
1.3769E-4       0.14496
1.3829E-4       0.14144
1.3915E-4       0.13665
1.3947E-4       0.13495
1.4061E-4       0.12907
1.4064E-4       0.12893
1.4081E-4       0.12807
1.4213E-4       0.12179
1.4241E-4       0.12052
1.4339E-4       0.11620
1.4439E-4       0.11202
1.4460E-4       0.11120
1.4486E-4       0.11017
1.4653E-4       0.10379
1.4740E-4       0.10065
1.4825E-4       0.097707
1.4915E-4       0.094714
1.4979E-4       0.092677
1.5195E-4       0.086152
1.5274E-4       0.083888
1.5407E-4       0.080270
1.5554E-4       0.076495
1.5642E-4       0.074342
1.5833E-4       0.069958
1.6128E-4       0.063772
1.6169E-4       0.062969
1.6207E-4       0.062218
1.6504E-4       0.056664
1.6818E-4       0.051384
1.6842E-4       0.051014
1.6862E-4       0.050701
1.7180E-4       0.045963
1.7502E-4       0.041630
1.7519E-4       0.041417
1.7536E-4       0.041208
1.7858E-4       0.037375
1.8184E-4       0.033836
1.8198E-4       0.033692
1.8212E-4       0.033550
1.8538E-4       0.030314
1.8867E-4       0.027340
1.8879E-4       0.027241
1.8890E-4       0.027145
1.9219E-4       0.024436
1.9553E-4       0.021911
1.9560E-4       0.021860
1.9567E-4       0.021808
1.9901E-4       0.019511
2.0238E-4       0.017362
2.0242E-4       0.017337
2.0246E-4       0.017313
2.0583E-4       0.015305
2.0922E-4       0.013424
2.0924E-4       0.013415
2.0926E-4       0.013405
2.1265E-4       0.011643
2.1606E-4       0.0099746
2.1607E-4       0.0099702
2.1608E-4       0.0099659
2.1948E-4       0.0083971
2.2290E-4       0.0068963
2.2290E-4       0.0068947
2.2291E-4       0.0068931
2.2632E-4       0.0054425
2.2974E-4       0.0040411
2.2974E-4       0.0040407
2.2974E-4       0.0040402
2.3316E-4       0.0026737
2.3658E-4       0.0013270
2.3658E-4       0.0013268
2.3658E-4       0.0013267
2.4000E-4       -1.0087E-17
