0.0000          3.5295E-18
3.3957E-6       0.0052823
3.4037E-6       0.0052947
3.4117E-6       0.0053073
6.8073E-6       0.010605
1.0187E-5       0.015892
1.0211E-5       0.015930
1.0235E-5       0.015968
1.3615E-5       0.021278
1.6979E-5       0.026595
1.7018E-5       0.026656
1.7057E-5       0.026718
2.0422E-5       0.032064
2.3739E-5       0.037378
2.3810E-5       0.037493
2.3883E-5       0.037610
2.7199E-5       0.042989
3.0464E-5       0.048350
3.0587E-5       0.048553
3.0714E-5       0.048762
3.3933E-5       0.054124
3.6960E-5       0.059238
3.7280E-5       0.059782
3.7620E-5       0.060362
4.0626E-5       0.065526
4.3428E-5       0.070418
4.3956E-5       0.071352
4.4522E-5       0.072356
4.7286E-5       0.077326
4.9864E-5       0.082055
5.0614E-5       0.083445
5.1434E-5       0.084977
5.3929E-5       0.089714
5.6248E-5       0.094211
5.7247E-5       0.096176
5.8322E-5       0.098310
6.0565E-5       0.10283
6.2581E-5       0.10698
6.3824E-5       0.10959
6.5205E-5       0.11256
6.7083E-5       0.11669
6.8773E-5       0.12049
7.0361E-5       0.12413
7.1929E-5       0.12783
7.3666E-5       0.13205
7.5637E-5       0.13699
7.7167E-5       0.14093
7.8514E-5       0.14449
8.0668E-5       0.15032
8.3174E-5       0.15747
8.3395E-5       0.15812
8.3517E-5       0.15848
8.6122E-5       0.16651
8.7751E-5       0.17181
8.8943E-5       0.17586
9.0442E-5       0.18111
9.0579E-5       0.18160
9.0832E-5       0.18252
9.2539E-5       0.18892
9.4330E-5       0.19598
9.4558E-5       0.19690
9.4653E-5       0.19729
9.6113E-5       0.20346
9.6375E-5       0.20461
9.7668E-5       0.21046
9.8097E-5       0.21247
9.9363E-5       0.21866
9.9714E-5       0.22042
1.0028E-4       0.22335
1.0115E-4       0.22798
1.0122E-4       0.22839
1.0134E-4       0.22906
1.0247E-4       0.23543
1.0280E-4       0.23741
1.0328E-4       0.24031
1.0378E-4       0.24338
1.0410E-4       0.24544
1.0475E-4       0.24972
1.0500E-4       0.25138
1.0570E-4       0.25625
1.0586E-4       0.25742
1.0662E-4       0.26306
1.0672E-4       0.26386
1.0754E-4       0.27031
1.0759E-4       0.27070
1.0817E-4       0.27554
1.0817E-4       0.27558
1.0824E-4       0.27615
1.0877E-4       0.28082
1.0881E-4       0.28120
1.0936E-4       0.28635
1.0950E-4       0.28768
1.0983E-4       0.29089
1.1001E-4       0.29275
1.1028E-4       0.29555
1.1073E-4       0.30027
1.1074E-4       0.30042
1.1076E-4       0.30062
1.1128E-4       0.30644
1.1172E-4       0.31173
1.1181E-4       0.31288
1.1193E-4       0.31436
1.1235E-4       0.31965
1.1279E-4       0.32572
1.1280E-4       0.32585
1.1281E-4       0.32605
1.1327E-4       0.33273
1.1368E-4       0.33910
1.1375E-4       0.34007
1.1384E-4       0.34159
1.1423E-4       0.34817
1.1445E-4       0.35204
1.1472E-4       0.35707
1.1520E-4       0.36676
1.2480E-4       0.36677
1.2511E-4       0.36052
1.2519E-4       0.35893
1.2541E-4       0.35461
1.2558E-4       0.35164
1.2572E-4       0.34905
1.2596E-4       0.34501
1.2618E-4       0.34131
1.2658E-4       0.33488
1.2664E-4       0.33406
1.2678E-4       0.33187
1.2704E-4       0.32814
1.2712E-4       0.32697
1.2735E-4       0.32373
1.2768E-4       0.31933
1.2786E-4       0.31699
1.2824E-4       0.31215
1.2873E-4       0.30634
1.2881E-4       0.30549
1.2934E-4       0.29958
1.2934E-4       0.29949
1.3014E-4       0.29125
1.3018E-4       0.29077
1.3094E-4       0.28354
1.3102E-4       0.28274
1.3152E-4       0.27827
1.3194E-4       0.27464
1.3230E-4       0.27161
1.3278E-4       0.26770
1.3308E-4       0.26533
1.3363E-4       0.26121
1.3396E-4       0.25873
1.3478E-4       0.25288
1.3516E-4       0.25029
1.3590E-4       0.24543
1.3637E-4       0.24247
1.3702E-4       0.23850
1.3769E-4       0.23452
1.3829E-4       0.23108
1.3915E-4       0.22636
1.3947E-4       0.22467
1.4061E-4       0.21879
1.4064E-4       0.21864
1.4081E-4       0.21778
1.4213E-4       0.21141
1.4241E-4       0.21010
1.4339E-4       0.20564
1.4439E-4       0.20128
1.4460E-4       0.20042
1.4486E-4       0.19933
1.4653E-4       0.19252
1.4740E-4       0.18911
1.4825E-4       0.18589
1.4915E-4       0.18257
1.4979E-4       0.18028
1.5195E-4       0.17282
1.5274E-4       0.17018
1.5407E-4       0.16590
1.5554E-4       0.16133
1.5642E-4       0.15868
1.5833E-4       0.15315
1.6128E-4       0.14504
1.6169E-4       0.14396
1.6207E-4       0.14295
1.6504E-4       0.13526
1.6818E-4       0.12756
1.6842E-4       0.12700
1.6862E-4       0.12653
1.7180E-4       0.11917
1.7502E-4       0.11206
1.7519E-4       0.11170
1.7536E-4       0.11134
1.7858E-4       0.10460
1.8184E-4       0.097991
1.8198E-4       0.097715
1.8212E-4       0.097441
1.8538E-4       0.091038
1.8867E-4       0.084779
1.8879E-4       0.084564
1.8890E-4       0.084353
1.9219E-4       0.078270
1.9553E-4       0.072262
1.9560E-4       0.072135
1.9567E-4       0.072009
1.9901E-4       0.066158
2.0238E-4       0.060362
2.0242E-4       0.060295
2.0246E-4       0.060228
2.0583E-4       0.054521
2.0922E-4       0.048867
2.0924E-4       0.048838
2.0926E-4       0.048809
2.1265E-4       0.043228
2.1606E-4       0.037702
2.1607E-4       0.037687
2.1608E-4       0.037672
2.1948E-4       0.032214
2.2290E-4       0.026787
2.2290E-4       0.026781
2.2291E-4       0.026775
2.2632E-4       0.021379
2.2974E-4       0.016008
2.2974E-4       0.016006
2.2974E-4       0.016005
2.3316E-4       0.010655
2.3658E-4       0.0053206
2.3658E-4       0.0053200
2.3658E-4       0.0053194
2.4000E-4       -4.0695E-17
