0.0000          0.088810
3.3862E-6       0.088907
3.4036E-6       0.088908
3.4212E-6       0.088909
6.8072E-6       0.089204
1.0159E-5       0.089690
1.0211E-5       0.089699
1.0264E-5       0.089709
1.3613E-5       0.090396
1.6934E-5       0.091273
1.7014E-5       0.091296
1.7095E-5       0.091320
2.0416E-5       0.092399
2.3713E-5       0.093669
2.3814E-5       0.093711
2.3915E-5       0.093754
2.7211E-5       0.095248
3.0495E-5       0.096947
3.0609E-5       0.097010
3.0723E-5       0.097073
3.4004E-5       0.099006
3.7316E-5       0.10119
3.7400E-5       0.10124
3.7483E-5       0.10130
4.0795E-5       0.10372
4.4180E-5       0.10646
4.4195E-5       0.10647
4.4210E-5       0.10648
4.7595E-5       0.10952
5.0906E-5       0.11278
5.0994E-5       0.11287
5.1087E-5       0.11296
5.4417E-5       0.11658
5.7553E-5       0.12028
5.7839E-5       0.12063
5.8143E-5       0.12101
6.1261E-5       0.12504
6.4202E-5       0.12914
6.4713E-5       0.12989
6.5264E-5       0.13072
6.8165E-5       0.13527
7.0855E-5       0.13983
7.1616E-5       0.14118
7.2480E-5       0.14274
7.5302E-5       0.14816
7.7667E-5       0.15305
7.8984E-5       0.15591
8.0556E-5       0.15944
8.2666E-5       0.16440
8.4052E-5       0.16785
8.5337E-5       0.17122
8.6640E-5       0.17482
8.8008E-5       0.17880
8.9357E-5       0.18291
9.0872E-5       0.18775
9.2339E-5       0.19272
9.2592E-5       0.19361
9.4072E-5       0.19899
9.4758E-5       0.20159
9.4876E-5       0.20205
9.6924E-5       0.21027
9.7409E-5       0.21234
9.8028E-5       0.21505
9.8510E-5       0.21722
9.9132E-5       0.22011
9.9932E-5       0.22396
1.0023E-4       0.22545
1.0085E-4       0.22858
1.0138E-4       0.23134
1.0164E-4       0.23274
1.0251E-4       0.23756
1.0334E-4       0.24232
1.0365E-4       0.24417
1.0408E-4       0.24685
1.0454E-4       0.24977
1.0482E-4       0.25158
1.0553E-4       0.25635
1.0621E-4       0.26112
1.0656E-4       0.26368
1.0724E-4       0.26883
1.0733E-4       0.26957
1.0737E-4       0.26988
1.0811E-4       0.27588
1.0846E-4       0.27889
1.0891E-4       0.28288
1.0930E-4       0.28649
1.0956E-4       0.28892
1.1016E-4       0.29489
1.1021E-4       0.29539
1.1037E-4       0.29701
1.1088E-4       0.30244
1.1107E-4       0.30455
1.1142E-4       0.30861
1.1182E-4       0.31336
1.1197E-4       0.31522
1.1236E-4       0.32029
1.1251E-4       0.32226
1.1257E-4       0.32308
1.1294E-4       0.32824
1.1335E-4       0.33423
1.1338E-4       0.33462
1.1340E-4       0.33498
1.1382E-4       0.34153
1.1400E-4       0.34445
1.1428E-4       0.34930
1.1460E-4       0.35511
1.1474E-4       0.35779
1.1520E-4       0.36701
1.2480E-4       0.36703
1.2513E-4       0.36040
1.2525E-4       0.35803
1.2545E-4       0.35418
1.2570E-4       0.34977
1.2578E-4       0.34835
1.2598E-4       0.34485
1.2624E-4       0.34054
1.2643E-4       0.33759
1.2671E-4       0.33321
1.2702E-4       0.32874
1.2719E-4       0.32641
1.2741E-4       0.32336
1.2780E-4       0.31822
1.2813E-4       0.31397
1.2838E-4       0.31095
1.2858E-4       0.30854
1.2893E-4       0.30460
1.2930E-4       0.30052
1.2949E-4       0.29845
1.3007E-4       0.29251
1.3028E-4       0.29049
1.3085E-4       0.28509
1.3106E-4       0.28314
1.3146E-4       0.27958
1.3202E-4       0.27482
1.3227E-4       0.27278
1.3300E-4       0.26701
1.3308E-4       0.26642
1.3310E-4       0.26621
1.3384E-4       0.26077
1.3413E-4       0.25868
1.3484E-4       0.25383
1.3524E-4       0.25121
1.3587E-4       0.24718
1.3634E-4       0.24426
1.3689E-4       0.24097
1.3735E-4       0.23833
1.3829E-4       0.23312
1.3878E-4       0.23050
1.3974E-4       0.22560
1.4022E-4       0.22323
1.4118E-4       0.21866
1.4160E-4       0.21672
1.4341E-4       0.20891
1.4383E-4       0.20716
1.4570E-4       0.19980
1.4606E-4       0.19844
1.4799E-4       0.19157
1.4820E-4       0.19087
1.4845E-4       0.19003
1.5105E-4       0.18161
1.5375E-4       0.17370
1.5390E-4       0.17329
1.5404E-4       0.17290
1.5675E-4       0.16587
1.6035E-4       0.15739
1.6037E-4       0.15734
1.6039E-4       0.15729
1.6400E-4       0.14957
1.6733E-4       0.14309
1.6761E-4       0.14258
1.6790E-4       0.14205
1.7108E-4       0.13651
1.7436E-4       0.13129
1.7456E-4       0.13098
1.7476E-4       0.13068
1.7804E-4       0.12599
1.8136E-4       0.12163
1.8151E-4       0.12144
1.8166E-4       0.12125
1.8498E-4       0.11726
1.8830E-4       0.11360
1.8845E-4       0.11344
1.8860E-4       0.11329
1.9191E-4       0.10998
1.9521E-4       0.10698
1.9537E-4       0.10684
1.9554E-4       0.10670
1.9883E-4       0.10401
2.0212E-4       0.10158
2.0228E-4       0.10147
2.0243E-4       0.10136
2.0572E-4       0.099178
2.0903E-4       0.097209
2.0916E-4       0.097136
2.0929E-4       0.097065
2.1260E-4       0.095341
2.1594E-4       0.093817
2.1603E-4       0.093776
2.1613E-4       0.093736
2.1947E-4       0.092442
2.2283E-4       0.091343
2.2289E-4       0.091324
2.2295E-4       0.091306
2.2632E-4       0.090413
2.2971E-4       0.089713
2.2974E-4       0.089708
2.2977E-4       0.089703
2.3316E-4       0.089208
2.3657E-4       0.088909
2.3658E-4       0.088909
2.3659E-4       0.088908
2.4000E-4       0.088810
