0.0000          0.044057
3.4086E-6       0.044102
3.4140E-6       0.044102
3.4195E-6       0.044102
6.8281E-6       0.044236
1.0226E-5       0.044460
1.0242E-5       0.044461
1.0258E-5       0.044462
1.3653E-5       0.044777
1.7040E-5       0.045180
1.7063E-5       0.045183
1.7087E-5       0.045186
2.0474E-5       0.045680
2.3849E-5       0.046264
2.3876E-5       0.046269
2.3903E-5       0.046274
2.7278E-5       0.046954
3.0654E-5       0.047728
3.0681E-5       0.047734
3.0707E-5       0.047741
3.4077E-5       0.048612
3.7465E-5       0.049585
3.7473E-5       0.049588
3.7481E-5       0.049590
4.0869E-5       0.050663
4.4230E-5       0.051830
4.4254E-5       0.051839
4.4279E-5       0.051848
4.7640E-5       0.053125
5.0956E-5       0.054491
5.1026E-5       0.054521
5.1097E-5       0.054552
5.4407E-5       0.056029
5.7663E-5       0.057592
5.7788E-5       0.057654
5.7914E-5       0.057717
6.1169E-5       0.059395
6.4419E-5       0.061187
6.4562E-5       0.061269
6.4703E-5       0.061350
6.7955E-5       0.063280
7.1228E-5       0.065350
7.1348E-5       0.065429
7.1474E-5       0.065511
7.4711E-5       0.067702
7.7779E-5       0.069904
7.8075E-5       0.070123
7.8388E-5       0.070355
8.1439E-5       0.072691
8.4350E-5       0.075043
8.4754E-5       0.075380
8.5163E-5       0.075724
8.8069E-5       0.078246
9.0944E-5       0.080874
9.1380E-5       0.081284
9.1834E-5       0.081714
9.4715E-5       0.084533
9.7741E-5       0.087653
9.8050E-5       0.087982
9.8346E-5       0.088297
1.0139E-4       0.091631
1.0484E-4       0.095652
1.0497E-4       0.095808
1.0510E-4       0.095955
1.0856E-4       0.10029
1.1206E-4       0.10494
1.1214E-4       0.10505
1.1220E-4       0.10513
1.1638E-4       0.11111
1.1656E-4       0.11140
1.2063E-4       0.11775
1.2093E-4       0.11824
1.2489E-4       0.12493
1.2531E-4       0.12568
1.2785E-4       0.13034
1.2858E-4       0.13171
1.3071E-4       0.13587
1.3185E-4       0.13818
1.3356E-4       0.14173
1.3531E-4       0.14552
1.3570E-4       0.14638
1.3638E-4       0.14792
1.3784E-4       0.15130
1.3867E-4       0.15328
1.3998E-4       0.15646
1.4117E-4       0.15942
1.4271E-4       0.16342
1.4423E-4       0.16755
1.4544E-4       0.17095
1.4729E-4       0.17638
1.4828E-4       0.17943
1.4965E-4       0.18375
1.5032E-4       0.18594
1.5165E-4       0.19045
1.5262E-4       0.19385
1.5311E-4       0.19561
1.5493E-4       0.20233
1.5613E-4       0.20703
1.5634E-4       0.20788
1.5668E-4       0.20925
1.5775E-4       0.21376
1.5842E-4       0.21668
1.5924E-4       0.22036
1.6031E-4       0.22532
1.6054E-4       0.22642
1.6081E-4       0.22771
1.6186E-4       0.23299
1.6278E-4       0.23775
1.6319E-4       0.23994
1.6369E-4       0.24267
1.6444E-4       0.24694
1.6497E-4       0.25009
1.6569E-4       0.25450
1.6671E-4       0.26103
1.6694E-4       0.26252
1.6711E-4       0.26372
1.6789E-4       0.26911
1.6876E-4       0.27554
1.6885E-4       0.27618
1.6897E-4       0.27708
1.6981E-4       0.28370
1.7033E-4       0.28800
1.7056E-4       0.28997
1.7082E-4       0.29223
1.7131E-4       0.29668
1.7175E-4       0.30081
1.7208E-4       0.30407
1.7245E-4       0.30773
1.7267E-4       0.31003
1.7296E-4       0.31314
1.7329E-4       0.31666
1.7353E-4       0.31940
1.7390E-4       0.32368
1.7422E-4       0.32758
1.7438E-4       0.32945
1.7453E-4       0.33137
1.7485E-4       0.33559
1.7517E-4       0.33996
1.7533E-4       0.34223
1.7551E-4       0.34484
1.7575E-4       0.34834
1.7600E-4       0.35211
1.7617E-4       0.35490
1.7634E-4       0.35764
1.7660E-4       0.36185
1.7683E-4       0.36592
1.7693E-4       0.36772
1.7701E-4       0.36913
1.7727E-4       0.37399
1.7760E-4       0.38065
1.8720E-4       0.39021
1.8762E-4       0.38208
1.8797E-4       0.37585
1.8804E-4       0.37458
1.8813E-4       0.37307
1.8846E-4       0.36772
1.8882E-4       0.36225
1.8889E-4       0.36116
1.8895E-4       0.36035
1.8933E-4       0.35502
1.8971E-4       0.34996
1.8975E-4       0.34938
1.8979E-4       0.34889
1.9020E-4       0.34386
1.9058E-4       0.33929
1.9065E-4       0.33859
1.9071E-4       0.33786
1.9109E-4       0.33366
1.9138E-4       0.33063
1.9150E-4       0.32941
1.9188E-4       0.32564
1.9193E-4       0.32517
1.9246E-4       0.32021
1.9262E-4       0.31876
1.9285E-4       0.31664
1.9306E-4       0.31490
1.9319E-4       0.31379
1.9372E-4       0.30942
1.9385E-4       0.30843
1.9392E-4       0.30786
1.9450E-4       0.30338
1.9496E-4       0.30009
1.9511E-4       0.29903
1.9520E-4       0.29838
1.9623E-4       0.29151
1.9672E-4       0.28843
1.9733E-4       0.28474
1.9824E-4       0.27969
1.9844E-4       0.27862
1.9885E-4       0.27650
2.0016E-4       0.27002
2.0184E-4       0.26247
2.0187E-4       0.26231
2.0189E-4       0.26223
2.0324E-4       0.25682
2.0497E-4       0.25049
2.0548E-4       0.24873
2.0591E-4       0.24729
2.0742E-4       0.24252
2.0922E-4       0.23744
2.0936E-4       0.23707
2.0945E-4       0.23684
2.1025E-4       0.23475
2.1213E-4       0.23017
2.1230E-4       0.22979
2.1252E-4       0.22929
2.1470E-4       0.22464
2.1638E-4       0.22149
2.1710E-4       0.22025
2.1858E-4       0.21789
2.2098E-4       0.21441
2.2290E-4       0.21195
2.2486E-4       0.20974
2.2730E-4       0.20739
2.2876E-4       0.20621
2.2991E-4       0.20541
2.3249E-4       0.20392
2.3576E-4       0.20266
2.3625E-4       0.20254
2.3664E-4       0.20245
2.4000E-4       0.20210
