0.0000          1.8699E-18
2.1284E-6       0.0039432
3.4686E-6       0.0064287
4.9292E-6       0.0091397
6.9372E-6       0.012871
8.7797E-6       0.016298
1.0398E-5       0.019310
1.2062E-5       0.022413
1.3945E-5       0.025933
1.5664E-5       0.029151
1.7566E-5       0.032721
1.9651E-5       0.036643
2.1186E-5       0.039537
2.2794E-5       0.042576
2.4542E-5       0.045897
2.5821E-5       0.048336
2.7898E-5       0.052312
3.0737E-5       0.057784
3.1264E-5       0.058803
3.1862E-5       0.059962
3.4729E-5       0.065553
3.7214E-5       0.070444
3.8123E-5       0.072244
3.9172E-5       0.074328
4.1517E-5       0.079011
4.2689E-5       0.081372
4.4274E-5       0.084586
4.6344E-5       0.088825
4.7410E-5       0.091024
4.9989E-5       0.096403
5.1684E-5       0.099981
5.3140E-5       0.10309
5.5427E-5       0.10803
5.5862E-5       0.10897
5.9157E-5       0.11624
5.9418E-5       0.11683
6.2884E-5       0.12472
6.2972E-5       0.12492
6.6416E-5       0.13305
6.6489E-5       0.13322
6.9302E-5       0.14005
6.9963E-5       0.14169
6.9980E-5       0.14174
7.3437E-5       0.15054
7.3544E-5       0.15082
7.6451E-5       0.15860
7.7195E-5       0.16062
7.9046E-5       0.16580
8.1144E-5       0.17190
8.1690E-5       0.17353
8.3357E-5       0.17858
8.4545E-5       0.18226
8.5256E-5       0.18452
8.6577E-5       0.18882
8.7126E-5       0.19066
8.8759E-5       0.19626
9.0426E-5       0.20219
9.0996E-5       0.20427
9.1563E-5       0.20637
9.2456E-5       0.20977
9.3173E-5       0.21258
9.3916E-5       0.21556
9.4841E-5       0.21938
9.5569E-5       0.22247
9.6703E-5       0.22741
9.7043E-5       0.22894
9.8223E-5       0.23442
9.8518E-5       0.23583
9.9743E-5       0.24186
1.0000E-4       0.24319
1.0047E-4       0.24561
1.0113E-4       0.24914
1.0197E-4       0.25381
1.0241E-4       0.25629
1.0275E-4       0.25827
1.0368E-4       0.26387
1.0430E-4       0.26774
1.0455E-4       0.26935
1.0534E-4       0.27466
1.0543E-4       0.27527
1.0633E-4       0.28168
1.0648E-4       0.28280
1.0721E-4       0.28832
1.0732E-4       0.28912
1.0734E-4       0.28929
1.0815E-4       0.29587
1.0835E-4       0.29755
1.0898E-4       0.30311
1.0914E-4       0.30455
1.0970E-4       0.30979
1.0994E-4       0.31210
1.1042E-4       0.31697
1.1073E-4       0.32026
1.1108E-4       0.32404
1.1145E-4       0.32826
1.1159E-4       0.32980
1.1179E-4       0.33216
1.1213E-4       0.33646
1.1248E-4       0.34082
1.1271E-4       0.34390
1.1294E-4       0.34707
1.1317E-4       0.35030
1.1332E-4       0.35257
1.1363E-4       0.35719
1.1402E-4       0.36331
1.1409E-4       0.36455
1.1420E-4       0.36638
1.1446E-4       0.37087
1.1461E-4       0.37361
1.1483E-4       0.37766
1.1520E-4       0.38493
1.2480E-4       0.38492
1.2529E-4       0.37546
1.2550E-4       0.37162
1.2577E-4       0.36677
1.2620E-4       0.35990
1.2626E-4       0.35886
1.2637E-4       0.35725
1.2674E-4       0.35163
1.2704E-4       0.34732
1.2721E-4       0.34494
1.2734E-4       0.34330
1.2767E-4       0.33885
1.2814E-4       0.33311
1.2820E-4       0.33233
1.2826E-4       0.33157
1.2872E-4       0.32625
1.2904E-4       0.32266
1.2924E-4       0.32057
1.2946E-4       0.31819
1.2973E-4       0.31546
1.2997E-4       0.31302
1.3027E-4       0.31011
1.3084E-4       0.30478
1.3085E-4       0.30462
1.3086E-4       0.30457
1.3088E-4       0.30437
1.3146E-4       0.29923
1.3161E-4       0.29790
1.3206E-4       0.29416
1.3235E-4       0.29180
1.3293E-4       0.28718
1.3304E-4       0.28633
1.3361E-4       0.28207
1.3371E-4       0.28134
1.3426E-4       0.27740
1.3441E-4       0.27639
1.3511E-4       0.27164
1.3523E-4       0.27084
1.3525E-4       0.27067
1.3528E-4       0.27046
1.3627E-4       0.26411
1.3705E-4       0.25937
1.3730E-4       0.25795
1.3816E-4       0.25298
1.3856E-4       0.25079
1.3916E-4       0.24754
1.4006E-4       0.24291
1.4088E-4       0.23881
1.4194E-4       0.23370
1.4299E-4       0.22882
1.4571E-4       0.21707
1.4572E-4       0.21701
1.4573E-4       0.21700
1.4581E-4       0.21666
1.4849E-4       0.20619
1.4862E-4       0.20573
1.5126E-4       0.19621
1.5152E-4       0.19530
1.5263E-4       0.19148
1.5453E-4       0.18519
1.5492E-4       0.18392
1.5810E-4       0.17412
1.5823E-4       0.17375
1.5972E-4       0.16935
1.6153E-4       0.16421
1.6169E-4       0.16375
1.6522E-4       0.15409
1.6562E-4       0.15303
1.6949E-4       0.14308
1.7049E-4       0.14057
1.7383E-4       0.13246
1.7492E-4       0.12987
1.7752E-4       0.12378
1.7838E-4       0.12181
1.8007E-4       0.11800
1.8197E-4       0.11376
1.8382E-4       0.10968
1.8555E-4       0.10590
1.8733E-4       0.10208
1.8933E-4       0.097841
1.9082E-4       0.094712
1.9270E-4       0.090788
1.9494E-4       0.086192
1.9603E-4       0.083953
1.9696E-4       0.082072
1.9937E-4       0.077242
2.0192E-4       0.072160
2.0273E-4       0.070550
2.0360E-4       0.068837
2.0610E-4       0.063929
2.0845E-4       0.059362
2.0947E-4       0.057374
2.1052E-4       0.055366
2.1285E-4       0.050870
2.1507E-4       0.046636
2.1623E-4       0.044430
2.1745E-4       0.042108
2.1960E-4       0.038045
2.2172E-4       0.034057
2.2301E-4       0.031647
2.2428E-4       0.029262
2.2641E-4       0.025272
2.2856E-4       0.021255
2.2981E-4       0.018923
2.3106E-4       0.016592
2.3321E-4       0.012601
2.3537E-4       0.0085896
2.3660E-4       0.0062940
2.3783E-4       0.0040143
2.4000E-4       -4.8293E-17
