0.0000          2.5859E-18
3.3957E-6       0.0038672
3.4037E-6       0.0038763
3.4117E-6       0.0038855
6.8073E-6       0.0077750
1.0187E-5       0.011668
1.0211E-5       0.011696
1.0235E-5       0.011724
1.3615E-5       0.015650
1.6979E-5       0.019602
1.7018E-5       0.019648
1.7057E-5       0.019694
2.0422E-5       0.023688
2.3739E-5       0.027689
2.3810E-5       0.027776
2.3883E-5       0.027865
2.7199E-5       0.031959
3.0464E-5       0.036078
3.0587E-5       0.036235
3.0714E-5       0.036397
3.3933E-5       0.040566
3.6960E-5       0.044585
3.7280E-5       0.045015
3.7620E-5       0.045473
4.0626E-5       0.049582
4.3428E-5       0.053519
4.3956E-5       0.054276
4.4522E-5       0.055092
4.7286E-5       0.059163
4.9864E-5       0.063082
5.0614E-5       0.064241
5.1434E-5       0.065524
5.3929E-5       0.069520
5.6248E-5       0.073355
5.7247E-5       0.075043
5.8322E-5       0.076883
6.0565E-5       0.080804
6.2581E-5       0.084440
6.3824E-5       0.086755
6.5205E-5       0.089392
6.7083E-5       0.093090
6.8773E-5       0.096526
7.0361E-5       0.099841
7.1929E-5       0.10323
7.3666E-5       0.10712
7.5637E-5       0.11172
7.7167E-5       0.11541
7.8514E-5       0.11876
8.0668E-5       0.12429
8.3174E-5       0.13112
8.3395E-5       0.13175
8.3517E-5       0.13210
8.6122E-5       0.13987
8.7751E-5       0.14504
8.8943E-5       0.14900
9.0442E-5       0.15416
9.0579E-5       0.15465
9.0832E-5       0.15556
9.2539E-5       0.16189
9.4330E-5       0.16892
9.4558E-5       0.16984
9.4653E-5       0.17023
9.6113E-5       0.17640
9.6375E-5       0.17755
9.7668E-5       0.18344
9.8097E-5       0.18546
9.9363E-5       0.19171
9.9714E-5       0.19349
1.0028E-4       0.19645
1.0115E-4       0.20115
1.0122E-4       0.20157
1.0134E-4       0.20225
1.0247E-4       0.20873
1.0280E-4       0.21074
1.0328E-4       0.21369
1.0378E-4       0.21683
1.0410E-4       0.21893
1.0475E-4       0.22330
1.0500E-4       0.22499
1.0570E-4       0.22998
1.0586E-4       0.23118
1.0662E-4       0.23695
1.0672E-4       0.23777
1.0754E-4       0.24440
1.0759E-4       0.24479
1.0817E-4       0.24977
1.0817E-4       0.24981
1.0824E-4       0.25040
1.0877E-4       0.25520
1.0881E-4       0.25559
1.0936E-4       0.26089
1.0950E-4       0.26226
1.0983E-4       0.26556
1.1001E-4       0.26748
1.1028E-4       0.27037
1.1073E-4       0.27524
1.1074E-4       0.27539
1.1076E-4       0.27559
1.1128E-4       0.28160
1.1172E-4       0.28705
1.1181E-4       0.28825
1.1193E-4       0.28978
1.1235E-4       0.29524
1.1279E-4       0.30151
1.1280E-4       0.30165
1.1281E-4       0.30185
1.1327E-4       0.30876
1.1368E-4       0.31534
1.1375E-4       0.31635
1.1384E-4       0.31792
1.1423E-4       0.32473
1.1445E-4       0.32873
1.1472E-4       0.33394
1.1520E-4       0.34398
1.2480E-4       0.34399
1.2511E-4       0.33751
1.2519E-4       0.33587
1.2541E-4       0.33140
1.2558E-4       0.32833
1.2572E-4       0.32564
1.2596E-4       0.32146
1.2618E-4       0.31763
1.2658E-4       0.31098
1.2664E-4       0.31013
1.2678E-4       0.30787
1.2704E-4       0.30402
1.2712E-4       0.30280
1.2735E-4       0.29945
1.2768E-4       0.29491
1.2786E-4       0.29249
1.2824E-4       0.28749
1.2873E-4       0.28150
1.2881E-4       0.28062
1.2934E-4       0.27452
1.2934E-4       0.27443
1.3014E-4       0.26594
1.3018E-4       0.26544
1.3094E-4       0.25800
1.3102E-4       0.25717
1.3152E-4       0.25257
1.3194E-4       0.24885
1.3230E-4       0.24573
1.3278E-4       0.24172
1.3308E-4       0.23929
1.3363E-4       0.23506
1.3396E-4       0.23252
1.3478E-4       0.22653
1.3516E-4       0.22388
1.3590E-4       0.21891
1.3637E-4       0.21590
1.3702E-4       0.21185
1.3769E-4       0.20780
1.3829E-4       0.20429
1.3915E-4       0.19950
1.3947E-4       0.19779
1.4061E-4       0.19184
1.4064E-4       0.19169
1.4081E-4       0.19082
1.4213E-4       0.18439
1.4241E-4       0.18307
1.4339E-4       0.17859
1.4439E-4       0.17422
1.4460E-4       0.17336
1.4486E-4       0.17227
1.4653E-4       0.16547
1.4740E-4       0.16208
1.4825E-4       0.15889
1.4915E-4       0.15560
1.4979E-4       0.15334
1.5195E-4       0.14602
1.5274E-4       0.14344
1.5407E-4       0.13927
1.5554E-4       0.13485
1.5642E-4       0.13229
1.5833E-4       0.12699
1.6128E-4       0.11928
1.6169E-4       0.11826
1.6207E-4       0.11731
1.6504E-4       0.11011
1.6818E-4       0.10298
1.6842E-4       0.10247
1.6862E-4       0.10203
1.7180E-4       0.095328
1.7502E-4       0.088944
1.7519E-4       0.088623
1.7536E-4       0.088306
1.7858E-4       0.082352
1.8184E-4       0.076609
1.8198E-4       0.076370
1.8212E-4       0.076134
1.8538E-4       0.070645
1.8867E-4       0.065357
1.8879E-4       0.065177
1.8890E-4       0.065001
1.9219E-4       0.059941
1.9553E-4       0.055016
1.9560E-4       0.054912
1.9567E-4       0.054809
1.9901E-4       0.050089
2.0238E-4       0.045474
2.0242E-4       0.045421
2.0246E-4       0.045367
2.0583E-4       0.040876
2.0922E-4       0.036479
2.0924E-4       0.036456
2.0926E-4       0.036433
2.1265E-4       0.032141
2.1606E-4       0.027934
2.1607E-4       0.027923
2.1608E-4       0.027911
2.1948E-4       0.023800
2.2290E-4       0.019745
2.2290E-4       0.019741
2.2291E-4       0.019736
2.2632E-4       0.015725
2.2974E-4       0.011754
2.2974E-4       0.011752
2.2974E-4       0.011751
2.3316E-4       0.0078123
2.3658E-4       0.0038953
2.3658E-4       0.0038948
2.3658E-4       0.0038944
2.4000E-4       -2.9750E-17
