0.0000          1.9422E-18
3.3862E-6       0.0038564
3.4036E-6       0.0038763
3.4212E-6       0.0038964
6.8072E-6       0.0077750
1.0159E-5       0.011636
1.0211E-5       0.011696
1.0264E-5       0.011757
1.3613E-5       0.015648
1.6934E-5       0.019548
1.7014E-5       0.019643
1.7095E-5       0.019738
2.0416E-5       0.023680
2.3713E-5       0.027657
2.3814E-5       0.027780
2.3915E-5       0.027904
2.7211E-5       0.031974
3.0495E-5       0.036117
3.0609E-5       0.036263
3.0723E-5       0.036408
3.4004E-5       0.040659
3.7316E-5       0.045065
3.7400E-5       0.045177
3.7483E-5       0.045289
4.0795E-5       0.049817
4.4180E-5       0.054597
4.4195E-5       0.054619
4.4210E-5       0.054641
4.7595E-5       0.059625
5.0906E-5       0.064697
5.0994E-5       0.064835
5.1087E-5       0.064980
5.4417E-5       0.070317
5.7553E-5       0.075568
5.7839E-5       0.076058
5.8143E-5       0.076580
6.1261E-5       0.082056
6.4202E-5       0.087464
6.4713E-5       0.088437
6.5264E-5       0.089497
6.8165E-5       0.095267
7.0855E-5       0.10090
7.1616E-5       0.10254
7.2480E-5       0.10444
7.5302E-5       0.11093
7.7667E-5       0.11667
7.8984E-5       0.11999
8.0556E-5       0.12406
8.2666E-5       0.12973
8.4052E-5       0.13363
8.5337E-5       0.13742
8.6640E-5       0.14144
8.8008E-5       0.14584
8.9357E-5       0.15038
9.0872E-5       0.15568
9.2339E-5       0.16110
9.2592E-5       0.16206
9.4072E-5       0.16789
9.4758E-5       0.17070
9.4876E-5       0.17118
9.6924E-5       0.18002
9.7409E-5       0.18223
9.8028E-5       0.18513
9.8510E-5       0.18744
9.9132E-5       0.19052
9.9932E-5       0.19462
1.0023E-4       0.19620
1.0085E-4       0.19952
1.0138E-4       0.20244
1.0164E-4       0.20392
1.0251E-4       0.20901
1.0334E-4       0.21403
1.0365E-4       0.21598
1.0408E-4       0.21880
1.0454E-4       0.22187
1.0482E-4       0.22377
1.0553E-4       0.22878
1.0621E-4       0.23378
1.0656E-4       0.23646
1.0724E-4       0.24186
1.0733E-4       0.24263
1.0737E-4       0.24295
1.0811E-4       0.24922
1.0846E-4       0.25237
1.0891E-4       0.25654
1.0930E-4       0.26030
1.0956E-4       0.26284
1.1016E-4       0.26905
1.1021E-4       0.26958
1.1037E-4       0.27127
1.1088E-4       0.27693
1.1107E-4       0.27911
1.1142E-4       0.28334
1.1182E-4       0.28829
1.1197E-4       0.29021
1.1236E-4       0.29549
1.1251E-4       0.29753
1.1257E-4       0.29839
1.1294E-4       0.30374
1.1335E-4       0.30997
1.1338E-4       0.31038
1.1340E-4       0.31075
1.1382E-4       0.31755
1.1400E-4       0.32058
1.1428E-4       0.32561
1.1460E-4       0.33164
1.1474E-4       0.33442
1.1520E-4       0.34398
1.2480E-4       0.34399
1.2513E-4       0.33712
1.2525E-4       0.33466
1.2545E-4       0.33067
1.2570E-4       0.32610
1.2578E-4       0.32462
1.2598E-4       0.32099
1.2624E-4       0.31652
1.2643E-4       0.31346
1.2671E-4       0.30892
1.2702E-4       0.30426
1.2719E-4       0.30185
1.2741E-4       0.29868
1.2780E-4       0.29334
1.2813E-4       0.28892
1.2838E-4       0.28577
1.2858E-4       0.28327
1.2893E-4       0.27917
1.2930E-4       0.27493
1.2949E-4       0.27277
1.3007E-4       0.26658
1.3028E-4       0.26448
1.3085E-4       0.25885
1.3106E-4       0.25681
1.3146E-4       0.25309
1.3202E-4       0.24812
1.3227E-4       0.24599
1.3300E-4       0.23995
1.3308E-4       0.23933
1.3310E-4       0.23911
1.3384E-4       0.23341
1.3413E-4       0.23122
1.3484E-4       0.22613
1.3524E-4       0.22338
1.3587E-4       0.21914
1.3634E-4       0.21607
1.3689E-4       0.21261
1.3735E-4       0.20982
1.3829E-4       0.20432
1.3878E-4       0.20154
1.3974E-4       0.19636
1.4022E-4       0.19383
1.4118E-4       0.18898
1.4160E-4       0.18691
1.4341E-4       0.17856
1.4383E-4       0.17669
1.4570E-4       0.16876
1.4606E-4       0.16730
1.4799E-4       0.15985
1.4820E-4       0.15908
1.4845E-4       0.15816
1.5105E-4       0.14895
1.5375E-4       0.14019
1.5390E-4       0.13973
1.5404E-4       0.13930
1.5675E-4       0.13140
1.6035E-4       0.12170
1.6037E-4       0.12165
1.6039E-4       0.12159
1.6400E-4       0.11259
1.6733E-4       0.10487
1.6761E-4       0.10425
1.6790E-4       0.10361
1.7108E-4       0.096805
1.7436E-4       0.090227
1.7456E-4       0.089831
1.7476E-4       0.089447
1.7804E-4       0.083327
1.8136E-4       0.077443
1.8151E-4       0.077179
1.8166E-4       0.076917
1.8498E-4       0.071304
1.8830E-4       0.065935
1.8845E-4       0.065700
1.8860E-4       0.065470
1.9191E-4       0.060365
1.9521E-4       0.055476
1.9537E-4       0.055242
1.9554E-4       0.055008
1.9883E-4       0.050334
2.0212E-4       0.045824
2.0228E-4       0.045614
2.0243E-4       0.045405
2.0572E-4       0.041020
2.0903E-4       0.036719
2.0916E-4       0.036553
2.0929E-4       0.036389
2.1260E-4       0.032212
2.1594E-4       0.028086
2.1603E-4       0.027968
2.1613E-4       0.027852
2.1947E-4       0.023822
2.2283E-4       0.019829
2.2289E-4       0.019755
2.2295E-4       0.019681
2.2632E-4       0.015732
2.2971E-4       0.011786
2.2974E-4       0.011752
2.2977E-4       0.011719
2.3316E-4       0.0078122
2.3657E-4       0.0039059
2.3658E-4       0.0038948
2.3659E-4       0.0038837
2.4000E-4       -2.8445E-17
